1	0	0	20	960
1	0	0	40	960
1	0	0	60	960
1	0	0	80	960
1	0	0	100	960
1	0	0	120	960
1	0	0	140	960
1	0	0	160	960
1	0	0	180	960
1	0	0	200	960
1	0	0	220	960
1	0	0	240	960
1	0	0	260	960
1	0	0	280	960
1	0	0	300	960
1	0	0	320	960
1	0	0	340	960
1	0	0	360	960
1	0	0	380	960
1	0	0	400	960
1	0	0	420	960
1	0	0	440	960
1	0	0	460	960
1	0	0	480	960
1	0	0	500	960
1	1	0	20	960
1	1	0	40	960
1	1	0	60	960
1	1	0	80	960
1	1	0	100	960
1	1	0	120	960
1	1	0	140	960
1	1	0	160	960
1	1	0	180	960
1	1	0	200	960
1	1	0	220	960
1	1	0	240	960
1	1	0	260	960
1	1	0	280	960
1	1	0	300	960
1	1	0	320	960
1	1	0	340	960
1	1	0	360	960
1	1	0	380	960
1	1	0	400	960
1	1	0	420	960
1	1	0	440	960
1	1	0	460	960
1	1	0	480	960
1	1	0	500	960
0	0	0	20	960
0	0	0	40	960
0	0	0	60	960
0	0	0	80	960
0	0	0	100	960
0	0	0	120	960
0	0	0	140	960
0	0	0	160	960
0	0	0	180	960
0	0	0	200	960
0	0	0	220	960
0	0	0	240	960
0	0	0	260	960
0	0	0	280	960
0	0	0	300	960
0	0	0	320	960
0	0	0	340	960
0	0	0	360	960
0	0	0	380	960
0	0	0	400	960
0	0	0	420	960
0	0	0	440	960
0	0	0	460	960
0	0	0	480	960
0	0	0	500	960
0	1	0	20	960
0	1	0	40	960
0	1	0	60	960
0	1	0	80	960
0	1	0	100	960
0	1	0	120	960
0	1	0	140	960
0	1	0	160	960
0	1	0	180	960
0	1	0	200	960
0	1	0	220	960
0	1	0	240	960
0	1	0	260	960
0	1	0	280	960
0	1	0	300	960
0	1	0	320	960
0	1	0	340	960
0	1	0	360	960
0	1	0	380	960
0	1	0	400	960
0	1	0	420	960
0	1	0	440	960
0	1	0	460	960
0	1	0	480	960
0	1	0	500	960
0	0	0	220	20	220	960
0	0	0	260	20	260	960
0	0	0	300	20	300	960
0	0	0	340	20	340	960
0	0	0	380	20	380	960
0	0	0	420	20	420	960
0	0	0	460	20	460	960
0	0	0	500	20	500	960
0	0	0	540	20	540	960
0	0	0	580	20	580	960
0	0	0	620	20	620	960
0	0	0	660	20	660	960
0	0	0	700	20	700	960
0	0	0	240	40	240	960
0	0	0	280	40	280	960
0	0	0	320	40	320	960
0	0	0	360	40	360	960
0	0	0	400	40	400	960
0	0	0	440	40	440	960
0	0	0	480	40	480	960
0	0	0	520	40	520	960
0	0	0	560	40	560	960
0	0	0	600	40	600	960
0	0	0	640	40	640	960
0	0	0	680	40	680	960
0	0	0	260	60	260	960
0	0	0	300	60	300	960
0	0	0	340	60	340	960
0	0	0	380	60	380	960
0	0	0	420	60	420	960
0	0	0	460	60	460	960
0	0	0	500	60	500	960
0	0	0	540	60	540	960
0	0	0	580	60	580	960
0	0	0	620	60	620	960
0	0	0	660	60	660	960
0	0	0	700	60	700	960
0	0	0	280	80	280	960
0	0	0	320	80	320	960
0	0	0	360	80	360	960
0	0	0	400	80	400	960
0	0	0	440	80	440	960
0	0	0	480	80	480	960
0	0	0	520	80	520	960
0	0	0	560	80	560	960
0	0	0	600	80	600	960
0	0	0	640	80	640	960
0	0	0	680	80	680	960
0	0	0	300	100	300	960
0	0	0	340	100	340	960
0	0	0	380	100	380	960
0	0	0	420	100	420	960
0	0	0	460	100	460	960
0	0	0	500	100	500	960
0	0	0	540	100	540	960
0	0	0	580	100	580	960
0	0	0	620	100	620	960
0	0	0	660	100	660	960
0	0	0	700	100	700	960
0	0	0	320	120	320	960
0	0	0	360	120	360	960
0	0	0	400	120	400	960
0	0	0	440	120	440	960
0	0	0	480	120	480	960
0	0	0	520	120	520	960
0	0	0	560	120	560	960
0	0	0	600	120	600	960
0	0	0	640	120	640	960
0	0	0	680	120	680	960
0	0	0	340	140	340	960
0	0	0	380	140	380	960
0	0	0	420	140	420	960
0	0	0	460	140	460	960
0	0	0	500	140	500	960
0	0	0	540	140	540	960
0	0	0	580	140	580	960
0	0	0	620	140	620	960
0	0	0	660	140	660	960
0	0	0	700	140	700	960
0	0	0	360	160	360	960
0	0	0	400	160	400	960
0	0	0	440	160	440	960
0	0	0	480	160	480	960
0	0	0	520	160	520	960
0	0	0	560	160	560	960
0	0	0	600	160	600	960
0	0	0	640	160	640	960
0	0	0	680	160	680	960
0	0	0	380	180	380	960
0	0	0	420	180	420	960
0	0	0	460	180	460	960
0	0	0	500	180	500	960
0	0	0	540	180	540	960
0	0	0	580	180	580	960
0	0	0	620	180	620	960
0	0	0	660	180	660	960
0	0	0	700	180	700	960
0	0	0	400	200	400	960
0	0	0	440	200	440	960
0	0	0	480	200	480	960
0	0	0	520	200	520	960
0	0	0	560	200	560	960
0	0	0	600	200	600	960
0	0	0	640	200	640	960
0	0	0	680	200	680	960
0	0	0	420	220	420	960
0	0	0	460	220	460	960
0	0	0	500	220	500	960
0	0	0	540	220	540	960
0	0	0	580	220	580	960
0	0	0	620	220	620	960
0	0	0	660	220	660	960
0	0	0	700	220	700	960
0	0	0	440	240	440	960
0	0	0	480	240	480	960
0	0	0	520	240	520	960
0	0	0	560	240	560	960
0	0	0	600	240	600	960
0	0	0	640	240	640	960
0	0	0	680	240	680	960
0	0	0	460	260	460	960
0	0	0	500	260	500	960
0	0	0	540	260	540	960
0	0	0	580	260	580	960
0	0	0	620	260	620	960
0	0	0	660	260	660	960
0	0	0	700	260	700	960
0	0	0	480	280	480	960
0	0	0	520	280	520	960
0	0	0	560	280	560	960
0	0	0	600	280	600	960
0	0	0	640	280	640	960
0	0	0	680	280	680	960
0	0	0	500	300	500	960
0	0	0	540	300	540	960
0	0	0	580	300	580	960
0	0	0	620	300	620	960
0	0	0	660	300	660	960
0	0	0	700	300	700	960
0	0	0	520	320	520	960
0	0	0	560	320	560	960
0	0	0	600	320	600	960
0	0	0	640	320	640	960
0	0	0	680	320	680	960
0	0	0	540	340	540	960
0	0	0	580	340	580	960
0	0	0	620	340	620	960
0	0	0	660	340	660	960
0	0	0	700	340	700	960
0	0	0	560	360	560	960
0	0	0	600	360	600	960
0	0	0	640	360	640	960
0	0	0	680	360	680	960
0	0	0	580	380	580	960
0	0	0	620	380	620	960
0	0	0	660	380	660	960
0	0	0	700	380	700	960
0	0	0	600	400	600	960
0	0	0	640	400	640	960
0	0	0	680	400	680	960
0	0	0	620	420	620	960
0	0	0	660	420	660	960
0	0	0	700	420	700	960
0	0	0	640	440	640	960
0	0	0	680	440	680	960
0	0	0	660	460	660	960
0	0	0	700	460	700	960
0	0	0	680	480	680	960
0	0	0	700	500	700	960
0	1	0	220	20	220	960
0	1	0	260	20	260	960
0	1	0	300	20	300	960
0	1	0	340	20	340	960
0	1	0	380	20	380	960
0	1	0	420	20	420	960
0	1	0	460	20	460	960
0	1	0	500	20	500	960
0	1	0	540	20	540	960
0	1	0	580	20	580	960
0	1	0	620	20	620	960
0	1	0	660	20	660	960
0	1	0	700	20	700	960
0	1	0	240	40	240	960
0	1	0	280	40	280	960
0	1	0	320	40	320	960
0	1	0	360	40	360	960
0	1	0	400	40	400	960
0	1	0	440	40	440	960
0	1	0	480	40	480	960
0	1	0	520	40	520	960
0	1	0	560	40	560	960
0	1	0	600	40	600	960
0	1	0	640	40	640	960
0	1	0	680	40	680	960
0	1	0	260	60	260	960
0	1	0	300	60	300	960
0	1	0	340	60	340	960
0	1	0	380	60	380	960
0	1	0	420	60	420	960
0	1	0	460	60	460	960
0	1	0	500	60	500	960
0	1	0	540	60	540	960
0	1	0	580	60	580	960
0	1	0	620	60	620	960
0	1	0	660	60	660	960
0	1	0	700	60	700	960
0	1	0	280	80	280	960
0	1	0	320	80	320	960
0	1	0	360	80	360	960
0	1	0	400	80	400	960
0	1	0	440	80	440	960
0	1	0	480	80	480	960
0	1	0	520	80	520	960
0	1	0	560	80	560	960
0	1	0	600	80	600	960
0	1	0	640	80	640	960
0	1	0	680	80	680	960
0	1	0	300	100	300	960
0	1	0	340	100	340	960
0	1	0	380	100	380	960
0	1	0	420	100	420	960
0	1	0	460	100	460	960
0	1	0	500	100	500	960
0	1	0	540	100	540	960
0	1	0	580	100	580	960
0	1	0	620	100	620	960
0	1	0	660	100	660	960
0	1	0	700	100	700	960
0	1	0	320	120	320	960
0	1	0	360	120	360	960
0	1	0	400	120	400	960
0	1	0	440	120	440	960
0	1	0	480	120	480	960
0	1	0	520	120	520	960
0	1	0	560	120	560	960
0	1	0	600	120	600	960
0	1	0	640	120	640	960
0	1	0	680	120	680	960
0	1	0	340	140	340	960
0	1	0	380	140	380	960
0	1	0	420	140	420	960
0	1	0	460	140	460	960
0	1	0	500	140	500	960
0	1	0	540	140	540	960
0	1	0	580	140	580	960
0	1	0	620	140	620	960
0	1	0	660	140	660	960
0	1	0	700	140	700	960
0	1	0	360	160	360	960
0	1	0	400	160	400	960
0	1	0	440	160	440	960
0	1	0	480	160	480	960
0	1	0	520	160	520	960
0	1	0	560	160	560	960
0	1	0	600	160	600	960
0	1	0	640	160	640	960
0	1	0	680	160	680	960
0	1	0	380	180	380	960
0	1	0	420	180	420	960
0	1	0	460	180	460	960
0	1	0	500	180	500	960
0	1	0	540	180	540	960
0	1	0	580	180	580	960
0	1	0	620	180	620	960
0	1	0	660	180	660	960
0	1	0	700	180	700	960
0	1	0	400	200	400	960
0	1	0	440	200	440	960
0	1	0	480	200	480	960
0	1	0	520	200	520	960
0	1	0	560	200	560	960
0	1	0	600	200	600	960
0	1	0	640	200	640	960
0	1	0	680	200	680	960
0	1	0	420	220	420	960
0	1	0	460	220	460	960
0	1	0	500	220	500	960
0	1	0	540	220	540	960
0	1	0	580	220	580	960
0	1	0	620	220	620	960
0	1	0	660	220	660	960
0	1	0	700	220	700	960
0	1	0	440	240	440	960
0	1	0	480	240	480	960
0	1	0	520	240	520	960
0	1	0	560	240	560	960
0	1	0	600	240	600	960
0	1	0	640	240	640	960
0	1	0	680	240	680	960
0	1	0	460	260	460	960
0	1	0	500	260	500	960
0	1	0	540	260	540	960
0	1	0	580	260	580	960
0	1	0	620	260	620	960
0	1	0	660	260	660	960
0	1	0	700	260	700	960
0	1	0	480	280	480	960
0	1	0	520	280	520	960
0	1	0	560	280	560	960
0	1	0	600	280	600	960
0	1	0	640	280	640	960
0	1	0	680	280	680	960
0	1	0	500	300	500	960
0	1	0	540	300	540	960
0	1	0	580	300	580	960
0	1	0	620	300	620	960
0	1	0	660	300	660	960
0	1	0	700	300	700	960
0	1	0	520	320	520	960
0	1	0	560	320	560	960
0	1	0	600	320	600	960
0	1	0	640	320	640	960
0	1	0	680	320	680	960
0	1	0	540	340	540	960
0	1	0	580	340	580	960
0	1	0	620	340	620	960
0	1	0	660	340	660	960
0	1	0	700	340	700	960
0	1	0	560	360	560	960
0	1	0	600	360	600	960
0	1	0	640	360	640	960
0	1	0	680	360	680	960
0	1	0	580	380	580	960
0	1	0	620	380	620	960
0	1	0	660	380	660	960
0	1	0	700	380	700	960
0	1	0	600	400	600	960
0	1	0	640	400	640	960
0	1	0	680	400	680	960
0	1	0	620	420	620	960
0	1	0	660	420	660	960
0	1	0	700	420	700	960
0	1	0	640	440	640	960
0	1	0	680	440	680	960
0	1	0	660	460	660	960
0	1	0	700	460	700	960
0	1	0	680	480	680	960
0	1	0	700	500	700	960
